# Mario
1, 0, 0, 0
0,1200;

2, 2, 1, 1
1030,1088; 820,1088

3, 2, 1, 1
1000,1088; 790,1088

4, 2, 1, 1
970,1088; 760,1088

5, 2, 1, 1
940,1088; 730,1088

6, 2, 1, 1
910,1088; 700,1088

7, 2, 1, 1
880,1088; 670,1088

8, 2, 1, 1
850,1088; 640,1088

9, 2, 1, 1
820,1088; 610,1088

10, 4, 0, 0, 12
1210,1088

11, 4, 0, 0, -1
1242,1088

12, 10, 0, 0, 1
-100,1088

13, 4, 0, 0, -1
1670,1088

14, 4, 0, 0, -1
1702,1088

15, 3, 0, 0
2400,1110

16, 3, 0, 0
2470,1088

17, 3, 0, 0
2595,1088

18, 3, 0, 0
2650,1110

19, 3, 0, 0
4550,1040

20, 3, 0, 0
4580,990

21, 3, 0, 0
4610,990

22, 15, 0, 0
2520,1088

23, 15, 0, 0
3450,1088

24, 15, 0, 0
4640,990

25, 2, 1, 1
3100,1200; 2690,1200

26, 2, 1, 1
3270,1200; 3630,1200

27, 8, 1, 1
4470,1072; 4125,1072

# Midway Gate
28, 17, 0, 0, 2
5138,1200

29, 12, 0, 0, 70, 0, 1
5370,1200

30, 12, 0, 0, 110, 0, 3
5430,1200

31, 4, 0, 0, 34
5670,1120

32, 4, 0, 0, -1
5702,1120

33, 4, 0, 0, -1
5734,1120

34, 10, 0, 0, 1
-150,1200

35, 13, 0, 0, -1
6380,1010

36, 4, 0, 0, 37
6412,1010

37, 7, 0, 0, 400, 0
6412,1010	

38, 3, 0, 0
6850,940

39, 3, 0, 0
6875,940

40, 3, 0, 0
6900,940

41, 15, 0, 0
7040,940

42, 12, 0, 0, 100, 0, 1, 100
7740,1200

43, 12, 0, 0, 100, 0, 2
8110,1200

44, 12, 0, 0, 100, 0, 1
8666,1200

45, 12, 0, 0, 150, 0, 3
8775,1200

46, 14, 0, 0
8785,1000

47, 13, 0, 0, -1
9000,1040

48, 13, 0, 0, -1
9036,1040

49, 13, 0, 0, -1
9072,1040

50, 13, 0, 0, -1
9000,1008

51, 13, 0, 0, -1
9072,1008

52, 13, 0, 0, -1
9000,972

53, 13, 0, 0, -1
9036,972

54, 13, 0, 0, -1
9072,972

55, 3, 0, 0
9200,1140

56, 3, 0, 0
9250,1100

57, 3, 0, 0
9300,1060

58, 3, 0, 0
9325,1040

59, 3, 0, 0
9350,1040

60, 3, 0, 0
9375,1040

61, 3, 0, 0
9400,1040

62, 3, 0, 0
9425,1040

63, 3, 0, 0
9450,1040

64, 3, 0, 0
9475,1040

65, 3, 0, 0
9500,1040

66, 3, 0, 0
9525,1040

67, 17, 0, 0, 1
9650,1200

#Coins
68, 3, 0, 0
6500,550

69, 3, 0, 0
6530,550

70, 15, 0, 0
6600,530

71, 3, 0, 0
6660,550

72, 3, 0, 0
6690,550

#powerup
73, 10, 0, 0, 0, 1
9036,1008

