# Mario
1, 0, 0, 0
0,1200;

#Revolving Platform!
2, 19, 0, 0, 2, 270, 90, 1, 1
768,950;

#Coins
3, 3, 0, 0
720,1050

4, 3, 0, 0
745,1050

5, 3, 0, 0
770,1050

6, 3, 0, 0
1000,850

7, 3, 0, 0
1025,850

8, 3, 0, 0
1050,850

# Stretch Block
9, 20, 0, 0
1400,880

# Stretch Block
14, 20, 0, 0
1600,800

# Coins
19, 3, 0, 0
2150,770

20, 3, 0, 0
2175,770

21, 3, 0, 0
2200,770

# Revolving Platform
22, 19, 0, 0, 2, 270, 0, 1, 1
2000,950

# Question Boxes
23, 4, 0, 0, 25
2420,750

24, 4, 0, 0, -1
2452,750

# Power Up
25, 10, 0, 0, 1
-100,100

26, 6, 1, 1, 3
2550,830; 2700,830

27, 6, 1, 1, 3
2950,800; 2950,900

# Revolving Platform
28, 19, 0, 0, 2, 270, 90, 1, 1
3550,900

# Pipe
29, 12, 0, 0, 200, 0, 1, 1000
3395,1300

# Revolving Platform
30, 19, 0, 0, 2, 225, 0, 1, 1
3950,1100

# Pipe
31, 12, 0, 0, 60, 0, 1
4380,1072

# Coins
32, 3, 0, 0
4280,1000

33, 3, 0, 0
4305,1000

# Midway Gate
34, 17, 0, 0, 2
4840,1200

# Dragon Coin
35, 15, 0, 0
5060,1100

# Koopa Troopa
36, 2, 1, 1
4900,1200; 5450,1200

# Rotating Blocks
37, 13, 0, 0
5330,1080

38, 13, 0, 0, -1
5362,1080

39, 13, 0, 0
5394,1080

40, 13, 0, 0
5426,1080

41, 13, 0, 0, -1
5458,1080

# KT
42, 2, 1, 1
5460,1048; 5330,1048

# QB
43, 4, 0, 0, 48
5590,860

# Platform
44, 6, 1, 1, 3
5755,860; 5755,1100

# Coins
45, 3, 0, 0
5760,780

46, 3, 0, 0
5785,780

47, 3, 0, 0
5815,780

# Power Up
48, 10, 0, 0, 1
-100,100

#Revolving Platform!
49, 19, 0, 0, 2, 270, 90, 1, 1
6300,1000;

# Dragon Coin
50, 15, 0, 0
1570,700

# Stretch Block
51, 20, 0, 0
6600,1000

# Stretch Block
52, 20, 0, 0
6900,900

# Stretch Block
53, 20, 0, 0
7200,800

# Dragon Coin
54, 15, 0, 0
7200,700

# Platform
55, 6, 1, 1, 3
7840,750; 7840,950

#Revolving Platform!
56, 19, 0, 0, 2, 270, 0, 1, 1
8150,1100;

#Revolving Platform!
57, 19, 0, 0, 2, 270, 0, 1, 1
8775,1100;

#Revolving Platform!
58, 19, 0, 0, 2, 270, 0, 1, 1
9050,1132;

# Dragon Coin
59, 15, 0, 0
9328,900

# Giant Gate
60, 17, 0, 0, 1
10030,1200